(array([3.00289085, 0.50071721]), 4388)
(array([3.00274744, 0.50068133]), 2972)
Колличество итераций  Колличество вычислений  Точность  Значение X1  Значение X2
0                  11288                  223015     0.001     2.997083     0.499276
1                   5803                  125840     0.002     2.994442     0.498619
2                   3897                  148615     0.003     3.007243     0.501760
3                   1369                   55994     0.004     3.009439     0.502291
4                    995                   41876     0.005     3.014759     0.503639
5                     68                    3818     0.006     2.983590     0.495903
6                     60                    3585     0.007     2.979581     0.494894
7                     58                    3504     0.008     2.977213     0.494296
8                     56                    3423     0.009     2.974562     0.493626
9                     54                    3342     0.010     2.971592     0.492873
10                    52                    3261     0.011     2.968261     0.492026
11                    52                    3261     0.012     2.968261     0.492026
12                    50                    3180     0.013     2.964523     0.491073
13                    48                    3099     0.014     2.960323     0.489999
14                    48                    3099     0.015     2.960323     0.489999
15                    46                    3010     0.016     2.955599     0.488786
16                    46                    3010     0.017     2.955599     0.488786
17                    44                    2921     0.018     2.950278     0.487415
18                    44                    2921     0.019     2.950278     0.487415
